3,2
3,1
3,3
10,68
10,246
10,204
10,114
10,304
10,150
10,180
10,74
11,24
11,20
9,7
9,6
9,4
9,2
9,3
8,7
8,15
8,16
8,2
8,3
47,4
47,3
47,2
47,1
47,0
46,3
46,2
46,1
46,0
45,3
45,2
45,1
45,0
44,5
44,4
44,3
44,2
44,1
44,0
43,4
43,3
43,2
43,1
43,0
41,5
41,4
41,3
41,2
41,1
41,0
38,5
38,4
38,3
38,2
38,1
24,3
24,1
20,3
20,2
20,1
12,3
19,2
12,2
19,1
12,1
19,3
11,29
11,28
11,23
11,19
11,16
11,14
11,10
11,7
11,5
11,4
11,3
11,2
11,1
10,302
10,294
10,290
10,277
10,271
10,267
10,247
10,232
10,228
18,1
10,227
18,3
10,205
10,184
14,1
10,169
10,23
14,3
13,1
10,20
10,1
10,16
